-200   -0.693147  -200   -0.693147
0   -0.693147  0   -0.693147
-200   -0.693147  -200   -200
0   -0.693147  0   0
-200   -200  -200   -0.693147
0   0  0   -0.693147
-200   -200  -200   -200
0   0  0   0
-200   -200  -200   -0.693147
0   0  0   -0.693147
-200   -200  -200   -200
0   0  0   0
-200   -200  -200   -0.693147
0   0  0   -0.693147
-200   -200  -200   -200
0   0  0   0
-200   -200  -200   -0.693147
0   0  0   -0.693147
-200   -200  -200   -200
0   0  0   0
-200   -200  -200   -0.693147
0   0  0   -0.693147
-200   -200  -200   -200
0   0  0   0
-200   -200  -200   -0.693147
0   0  0   -0.693147
-200   -200  -200   -200
0   0  0   0
-200   -200  -200   -0.693147
0   0  0   -0.693147
-200   -200  -200   -200
0   0  0   0
-200   -200  -200   -0.693147
0   0  0   -0.693147
-200   -200  -200   -200
0   0  0   0
-200   -200  -200   -0.693147
0   0  0   -0.693147
-200   -200  -200   -200
0   0  0   0
-200   -200  -200   -0.693147
0   0  0   -0.693147
-200   -200  -200   -200
0   0  0   0
-200   -200  -200   -0.693147
0   0  0   -0.693147
-200   -200  -200   -200
0   0  0   0
-200   -200  -200   -0.693147
0   0  0   -0.693147
-200   -200  -200   -200
0   0  0   0
-200   -200  -200   -0.693147
0   0  0   -0.693147
-200   -200  -200   -200
0   0  0   0
-200   -200  -200   -0.693147
0   0  0   -0.693147
-200   -200  -200   -200
0   0  0   0
-200   -200  -200   -0.693147
0   0  0   -0.693147
-200   -200  -200   -200
0   0  0   0
-200   -200  -200   -0.693147
0   0  0   -0.693147
-200   -200  -200   -200
0   0  0   0
-200   -200  -200   -0.693147
0   0  0   -0.693147
-200   -200  -200   -200
0   0  0   0
-200   -200  -200   -0.693147
0   0  0   -0.693147
-200   -200  -200   -200
0   0  0   0
-200   -200  -200   -0.693147
0   0  0   -0.693147
-200   -200  -200   -200
0   0  0   0
-200   -200  -200   -0.693147
0   0  0   -0.693147
-200   -200  -200   -200
0   0  0   0
-200   -200  -200   -0.693147
0   0  0   -0.693147
-200   -200  -200   -200
0   0  0   0
-200   -200  -200   -0.693147
0   0  0   -0.693147
-200   -200  -200   -200
0   0  0   0
-200   -200  -200   -0.693147
0   0  0   -0.693147
-200   -200  -200   -200
0   0  0   0
-200   -200  -200   -0.693147
0   0  0   -0.693147
-200   -200  -200   -200
0   0  0   0
-200   -200  -200   -0.693147
0   0  0   -0.693147
-200   -200  -200   -200
0   0  0   0
-200   -200  -200   -0.693147
0   0  0   -0.693147
-200   -200  -200   -200
0   0  0   0
-200   -200  -200   -0.693147
0   0  0   -0.693147
-200   -200  -200   -200
0   0  0   0
-200   -200  -200   -0.693147
0   0  0   -0.693147
-200   -200  -200   -200
0   0  0   0
-200   -200  -200   -0.693147
0   0  0   -0.693147
-200   -200  -200   -200
0   0  0   0
-200   -200  -200   -0.693147
0   0  0   -0.693147
-200   -200  -200   -200
0   0  0   0
-200   -200  -200   -0.693147
0   0  0   -0.693147
-200   -200  -200   -200
0   0  0   0
-200   -200  -200   -0.693147
0   0  0   -0.693147
-200   -200  -200   -200
0   0  0   0
-200   -200  -200   -0.693147
0   0  0   -0.693147
-200   -200  -200   -200
0   0  0   0
-200   -200  -200   -0.693147
0   0  0   -0.693147
-200   -200  -200   -200
0   0  0   0
-200   -200  -200   -0.693147
0   0  0   -0.693147
-200   -200  -200   -200
0   0  0   0
-200   -200  -200   -0.693147
0   0  0   -0.693147
-200   -200  -200   -200
0   0  0   0
-200   -200  -200   -0.693147
0   0  0   -0.693147
-200   -200  -200   -200
0   0  0   0
-200   -200  -200   -0.693147
0   0  0   -0.693147
-200   -200  -200   -200
0   0  0   0
-200   -200  -200   -0.693147
0   0  0   -0.693147
-200   -200  -200   -200
0   0  0   0
-200   -200  -200   -0.693147
0   0  0   -0.693147
-200   -200  -200   -200
0   0  0   0
-200   -200  -200   -0.693147
0   0  0   -0.693147
-200   -200  -200   -200
0   0  0   0
-200   -200  -200   -0.693147
0   0  0   -0.693147
-200   -200  -200   -200
0   0  0   0
-200   -200  -200   -0.693147
0   0  0   -0.693147
-200   -200  -200   -200
0   0  0   0
-200   -200  -200   -0.693147
0   0  0   -0.693147
-200   -200  -200   -200
0   0  0   0
-200   -200  -200   -0.693147
0   0  0   -0.693147
-200   -200  -200   -200
0   0  0   0
-200   -200  -200   -0.693147
0   0  0   -0.693147
-200   -200  -200   -200
0   0  0   0
-200   -200  -200   -0.693147
0   0  0   -0.693147
-200   -200  -200   -200
0   0  0   0
-200   -200  -200   -0.693147
0   0  0   -0.693147
-200   -200  -200   -200
0   0  0   0
-200   -200  -200   -0.693147
0   0  0   -0.693147
-200   -200  -200   -200
0   0  0   0
-200   -200  -200   -0.693147
0   0  0   -0.693147
-200   -200  -200   -200
0   0  0   0
-200   -200  -200   -0.693147
0   0  0   -0.693147
-200   -200  -200   -200
0   0  0   0
-200   -200  -200   -0.693147
0   0  0   -0.693147
-200   -200  -200   -200
0   0  0   0
-200   -200  -200   -0.693147
0   0  0   -0.693147
-200   -200  -200   -200
0   0  0   0
-200   -200  -200   -0.693147
0   0  0   -0.693147
-200   -200  -200   -200
0   0  0   0
-200   -200  -200   -0.693147
0   0  0   -0.693147
-200   -200  -200   -200
0   0  0   0
-200   -200  -200   -0.693147
0   0  0   -0.693147
-200   -200  -200   -200
0   0  0   0
-200   -200  -200   -0.693147
0   0  0   -0.693147
-200   -200  -200   -200
0   0  0   0
-200   -200  -200   -0.693147
0   0  0   -0.693147
-200   -200  -200   -200
0   0  0   0
-200   -200  -200   -0.693147
0   0  0   -0.693147
-200   -200  -200   -200
0   0  0   0
-200   -200  -200   -0.693147
0   0  0   -0.693147
-200   -200  -200   -200
0   0  0   0
-200   -200  -200   -0.693147
0   0  0   -0.693147
-200   -200  -200   -200
0   0  0   0
-200   -200  -200   -0.693147
0   0  0   -0.693147
-200   -200  -200   -200
0   0  0   0
-200   -200  -200   -0.693147
0   0  0   -0.693147
-200   -200  -200   -200
0   0  0   0
-200   -200  -200   -0.693147
0   0  0   -0.693147
-200   -200  -200   -200
0   0  0   0
-200   -200  -200   -0.693147
0   0  0   -0.693147
-200   -200  -200   -200
0   0  0   0
-168.077   -200  -200   -0.693147
0   0  0   -0.693147
-200   -200  -200   -200
0   0  0   0
-3.29692e-12   -200  -200   -0.693147
-26.4371   0  0   -0.693147
-2.84217e-13   -200  -200   -168.077
-28.8735   0  0   0
0   -200  -171.489   -0.693147
-200   0  0   -0.693147
0   -200  -176.502   -0.528065
-200   0  0   -0.890977
0   -200  0   -0.693147
-200   0  -137.815   -0.693147
0   -200  0   -0.543195
-200   0  -169.894   -0.869621
0   -0.543195  0   -0.693147
-200   -0.869621  -200   -0.693147
0   -61.8587  0   0
-200   0  -200   -189.489
0   0  0   -0.693147
-200   -189.489  -200   -0.693147
0   0  0   0
-200   -200  -200   -200
0   0  0   -0.693147
-200   -200  -200   -0.693147
0   0  0   0
-200   -200  -200   -200
0   0  0   -0.693147
-200   -200  -200   -0.693147
0   0  0   0
-200   -200  -200   -200
0   0  0   -0.693147
-200   -200  -200   -0.693147
0   0  0   0
-200   -200  -200   -200
0   0  0   -0.693147
-200   -200  -200   -0.693147
0   0  0   0
-200   -200  -200   -200
0   0  0   -0.693147
-200   -200  -200   -0.693147
0   0  0   0
-200   -200  -200   -200
0   0  0   -0.693147
-200   -200  -200   -0.693147
0   0  0   0
-200   -200  -200   -200
0   0  0   -0.693147
-200   -200  -200   -0.693147
0   0  0   0
-200   -200  -200   -200
0   0  0   -0.693147
-200   -200  -200   -0.693147
0   0  0   0
-200   -200  -200   -200
0   0  0   -0.693147
-200   -200  -200   -0.693147
0   0  0   0
-200   -200  -200   -200
0   0  0   -0.693147
-200   -200  -200   -0.693147
0   0  0   0
-200   -200  -200   -200
0   0  0   -0.693147
-200   -200  -200   -0.693147
0   0  0   0
-200   -200  -200   -200
0   0  0   -0.693147
-200   -200  -200   -0.693147
0   0  0   0
-200   -200  -200   -200
0   0  0   -0.693147
-200   -200  -200   -0.693147
0   0  0   0
-200   -200  -200   -200
0   0  0   -0.693147
-200   -200  -200   -0.693147
0   0  0   0
-200   -200  -200   -200
0   0  0   -0.693147
-200   -200  -200   -0.693147
0   0  0   0
-200   -200  -200   -200
0   0  0   -0.693147
-200   -200  -200   -0.693147
0   0  0   0
-200   -200  -200   -200
0   0  0   -0.693147
-200   -200  -200   -0.693147
0   0  0   0
-200   -200  -200   -200
0   0  0   -0.693147
-200   -200  -200   -0.693147
0   0  0   0
-200   -200  -200   -200
0   0  0   -0.693147
-200   -200  -200   -0.693147
0   0  0   0
-200   -200  -200   -200
0   0  0   -0.693147
-200   -200  -200   -0.693147
0   0  0   0
-200   -200  -200   -200
0   0  0   -0.693147
-200   -200  -200   -0.693147
0   0  0   0
-200   -200  -200   -200
0   0  0   -0.693147
-200   -200  -200   -0.693147
0   0  0   0
-200   -200  -200   -200
0   0  0   -0.693147
-200   -200  -200   -0.693147
0   0  0   0
-200   -200  -200   -200
0   0  0   -0.693147
-200   -200  -200   -0.693147
0   0  0   0
-200   -200  -200   -200
0   0  0   -0.693147
-200   -200  -200   -0.693147
0   0  0   0
-200   -200  -200   -200
0   0  0   -0.693147
-200   -200  -200   -0.693147
0   0  0   0
-200   -200  -200   -200
0   0  0   -0.693147
-200   -200  -200   -0.693147
0   0  0   0
-200   -200  -200   -200
0   0  0   -0.693147
-200   -200  -200   -0.693147
0   0  0   0
-200   -200  -200   -200
0   0  0   -0.693147
-200   -200  -200   -0.693147
0   0  0   0
-200   -200  -200   -200
0   0  0   -0.693147
-200   -200  -200   -0.693147
0   0  0   0
-200   -200  -200   -200
0   0  0   -0.693147
-200   -200  -200   -0.693147
0   0  0   0
-200   -200  -200   -200
0   0  0   -0.693147
-200   -200  -200   -0.693147
0   0  0   0
-200   -200  -200   -200
0   0  0   -0.693147
-200   -200  -200   -0.693147
0   0  0   0
-200   -200  -200   -200
0   0  0   -0.693147
-200   -200  -200   -0.693147
0   0  0   0
-200   -200  -200   -200
0   0  0   -0.693147
-200   -200  -200   -0.693147
0   0  0   0
-200   -200  -200   -200
0   0  0   -0.693147
-200   -200  -200   -0.693147
0   0  0   0
-200   -200  -200   -200
0   0  0   -0.693147
-200   -200  -200   -0.693147
0   0  0   0
-200   -200  -200   -200
0   0  0   -0.693147
-200   -200  -200   -0.693147
0   0  0   0
-200   -200  -200   -200
0   0  0   -0.693147
-200   -200  -200   -0.693147
0   0  0   0
-200   -200  -200   -200
0   0  0   -0.693147
-200   -200  -200   -0.693147
0   0  0   0
-200   -200  -200   -200
0   0  0   -0.693147
-200   -200  -200   -0.693147
0   0  0   0
-200   -200  -200   -200
0   0  0   -0.693147
-200   -200  -200   -0.693147
0   0  0   0
-200   -200  -200   -200
0   0  0   -0.693147
-200   -200  -200   -0.693147
0   0  0   0
-200   -200  -200   -200
0   0  0   -0.693147
-200   -200  -200   -0.693147
0   0  0   0
-200   -200  -200   -200
0   0  0   -0.693147
-200   -200  -200   -0.693147
0   0  0   0
-200   -200  -200   -200
0   0  0   -0.693147
-200   -200  -200   -0.693147
0   0  0   0
-200   -200  -200   -200
0   0  0   -0.693147
-200   -200  -200   -0.693147
0   0  0   0
-200   -200  -200   -200
0   0  0   -0.693147
-200   -200  -200   -0.693147
0   0  0   0
-200   -200  -200   -200
0   0  0   -0.693147
-200   -200  -200   -0.693147
0   0  0   0
-200   -200  -200   -200
0   0  0   -0.693147
-200   -200  -200   -0.693147
0   0  0   0
-200   -200  -200   -200
0   0  0   -0.693147
-200   -200  -200   -0.693147
0   0  0   0
-200   -200  -200   -200
0   0  0   -0.693147
-200   -200  -200   -0.693147
0   0  0   0
-200   -200  -200   -200
0   0  0   -0.693147
-200   -200  -200   -0.693147
0   0  0   0
-200   -200  -200   -200
0   0  0   -0.693147
-200   -200  -200   -0.693147
0   0  0   0
-200   -200  -200   -200
0   0  0   -0.693147
-200   -200  -200   -0.693147
0   0  0   0
-200   -200  -200   -200
0   0  0   -0.693147
-200   -200  -200   -0.693147
0   0  0   0
-200   -200  -200   -200
0   0  0   -0.693147
-200   -200  -200   -0.693147
0   0  0   0
-200   -200  -200   -200
0   0  0   -0.693147
-200   -200  -200   -0.693147
0   0  0   0
-200   -200  -200   -200
0   0  0   -0.693147
-200   -200  -200   -0.693147
0   0  0   0
-200   -200  -200   -200
0   0  0   -0.693147
-200   -200  -200   -0.693147
0   0  0   0
-200   -200  -200   -200
0   0  0   -0.693147
-200   -200  -200   -0.693147
0   0  0   0
-200   -200  -200   -200
0   0  0   -0.693147
-200   -200  -200   -0.693147
0   0  0   0
-200   -200  -200   -200
0   0  0   -0.693147
-200   -200  -200   -0.693147
0   0  0   0
-200   -200  -200   -200
0   0  0   -0.693147
-200   -200  -200   -0.693147
0   0  0   0
-200   -200  -200   -200
0   0  0   -0.693147
-200   -200  -200   -0.693147
0   0  0   0
-200   -200  -200   -200
0   0  0   -0.693147
-200   -200  -200   -0.693147
0   0  0   0
-200   -200  -200   -200
0   0  0   -0.693147
-200   -200  -200   -0.693147
0   0  0   0
-200   -200  -200   -200
0   0  0   -0.693147
-200   -200  -200   -0.693147
0   0  0   0
-200   -200  -200   -200
0   0  0   -0.693147
-200   -200  -200   -0.693147
0   0  0   0
-200   -200  -200   -200
0   0  0   -0.693147
-200   -200  -200   -0.693147
0   0  0   0
-200   -200  -200   -200
0   0  0   -0.693147
-200   -200  -200   -0.693147
0   0  0   0
-200   -200  -200   -200
0   0  0   -0.693147
-200   -200  -200   -0.693147
0   0  0   0
-200   -200  -200   -200
0   0  0   -0.693147
-200   -200  -200   -0.693147
0   0  0   0
-200   -200  -200   -200
0   0  0   -0.693147
-200   -200  -200   -0.693147
0   0  0   0
-200   -200  -200   -200
0   0  0   -0.693147
-200   -200  -200   -0.693147
0   0  0   0
-200   -200  -200   -200
0   0  0   -0.693147
-200   -200  -200   -0.693147
0   0  0   0
-200   -200  -200   -200
0   0  0   -0.693147
-200   -200  -200   -0.693147
0   0  0   0
-200   -200  -200   -200
0   0  0   -0.693147
-200   -200  -200   -0.693147
0   0  0   0
-200   -200  -200   -200
0   0  0   -0.693147
-200   -200  -200   -0.693147
0   0  0   0
-200   -200  -200   -200
0   0  0   -0.693147
-200   -200  -200   -0.693147
0   0  0   0
-200   -200  -200   -200
0   0  0   -0.693147
-200   -200  -200   -0.693147
0   0  0   0
-200   -200  -200   -200
0   0  0   -0.693147
-200   -200  -200   -0.693147
0   0  0   0
-200   -200  -200   -200
0   0  0   -0.693147
-200   -200  -200   -0.693147
0   0  0   0
-200   -200  -200   -200
0   0  0   -0.693147
-200   -200  -200   -0.693147
0   0  0   0
-200   -200  -200   -200
0   0  0   -0.693147
-200   -200  -200   -0.693147
0   0  0   0
-200   -200  -200   -200
0   0  0   -0.693147
-200   -200  -200   -0.693147
0   0  0   0
-200   -200  -200   -200
0   0  0   -0.693147
-200   -200  -200   -0.693147
0   0  0   0
-200   -200  -200   -200
0   0  0   -0.693147
-200   -200  -200   -0.693147
0   0  0   0
-200   -200  -200   -200
0   0  0   -0.693147
-200   -200  -200   -0.693147
0   0  0   0
-200   -200  -200   -200
0   0  0   -0.693147
-200   -200  -200   -0.693147
0   0  0   0
-200   -200  -200   -200
0   0  0   -0.693147
-200   -200  -200   -0.693147
0   0  0   0
-200   -200  -200   -200
0   0  0   -0.693147
-200   -200  -200   -0.693147
0   0  0   0
-200   -200  -200   -200
0   0  0   -0.693147
-200   -200  -200   -0.693147
0   0  0   0
-200   -200  -200   -200
0   0  0   -0.693147
-200   -200  -200   -0.693147
0   0  0   0
-200   -200  -200   -200
0   0  0   -0.693147
-200   -200  -200   -0.693147
0   0  0   0
-200   -200  -200   -200
0   0  0   -0.693147
-200   -200  -200   -0.693147
0   0  0   0
-200   -200  -200   -200
0   0  0   -0.693147
-200   -200  -200   -0.693147
0   0  0   0
-200   -200  -200   -200
0   0  0   -0.693147
-200   -200  -200   -0.693147
0   0  0   0
-200   -200  -200   -200
0   0  0   -0.693147
-200   -200  -200   -0.693147
0   0  0   0
-200   -200  -200   -200
0   0  0   -0.693147
-200   -200  -200   -0.693147
0   0  0   0
-200   -200  -200   -200
0   0  0   -0.693147
-200   -200  -200   -0.693147
0   0  0   0
-200   -200  -200   -200
0   0  0   -0.693147
-200   -200  -200   -0.693147
0   0  0   0
-200   -200  -200   -200
0   0  0   -0.693147
-200   -200  -200   -0.693147
0   0  0   0
-200   -200  -200   -200
0   0  0   -0.693147
-200   -200  -200   -0.693147
0   0  0   0
-200   -200  -200   -200
0   0  0   -0.693147
-200   -200  -200   -0.693147
0   0  0   0
-200   -200  -200   -200
0   0  0   -0.693147
-200   -200  -200   -0.693147
0   0  0   0
-200   -200  -200   -200
0   0  0   -0.693147
-200   -200  -200   -0.693147
0   0  0   0
-200   -200  -200   -200
0   0  0   -0.693147
-200   -200  -200   -0.693147
0   0  0   0
-200   -200  -200   -200
0   0  0   -0.693147
-200   -200  -200   -0.693147
0   0  0   0
-200   -200  -200   -200
0   0  0   -0.693147
-200   -200  -200   -0.693147
0   0  0   0
-200   -200  -200   -200
0   0  0   -0.693147
-200   -200  -200   -0.693147
0   0  0   0
-200   -200  -200   -200
0   0  0   -0.693147
-200   -200  -200   -0.693147
0   0  0   0
-200   -200  -200   -200
0   0  0   -0.693147
-200   -200  -200   -0.693147
0   0  0   0
-200   -200  -200   -200
0   0  0   -0.693147
-200   -200  -200   -0.693147
0   0  0   0
-200   -200  -200   -200
0   0  0   -0.693147
-200   -200  -200   -0.693147
0   0  0   0
-200   -200  -200   -200
0   0  0   -0.693147
-200   -200  -200   -0.693147
0   0  0   0
-200   -200  -200   -200
0   0  0   -0.693147
-200   -200  -200   -0.693147
0   0  0   0
-200   -200  -200   -200
0   0  0   -0.693147
-200   -200  -200   -0.693147
0   0  0   0
-200   -200  -200   -200
0   0  0   -0.693147
-200   -200  -200   -0.693147
0   0  0   0
-200   -200  -200   -200
0   0  0   -0.693147
-200   -200  -200   -0.693147
0   0  0   0
-200   -200  -200   -200
0   0  0   -0.693147
-200   -200  -200   -0.693147
0   0  0   0
-200   -200  -200   -200
0   0  0   -0.693147
-200   -200  -200   -0.693147
0   0  0   0
-200   -200  -200   -200
0   0  0   -0.693147
-200   -200  -200   -0.693147
0   0  0   0
-200   -200  -200   -200
0   0  0   -0.693147
-200   -200  -200   -0.693147
0   0  0   0
-200   -200  -200   -200
0   0  0   -0.693147
-200   -200  -200   -0.693147
0   0  0   0
-200   -200  -200   -200
0   0  0   -0.693147
-200   -200  -200   -0.693147
0   0  0   0
-200   -200  -200   -200
0   0  0   -0.693147
-200   -200  -200   -0.693147
0   0  0   0
-200   -200  -200   -200
0   0  0   -0.693147
-200   -200  -200   -0.693147
0   0  0   0
-200   -200  -200   -200
0   0  0   -0.693147
-200   -200  -200   -0.693147
0   0  0   0
-200   -200  -200   -200
0   0  0   -0.693147
-200   -200  -200   -0.693147
0   0  0   0
-200   -200  -200   -200
0   0  0   -0.693147
-200   -200  -200   -0.693147
0   0  0   0
-200   -200  -200   -200
0   0  0   -0.693147
-200   -200  -200   -0.693147
0   0  0   0
-200   -200  -200   -200
0   0  0   -0.693147
-200   -200  -200   -0.693147
0   0  0   0
-200   -200  -200   -200
0   0  0   -0.693147
-200   -200  -200   -0.693147
0   0  0   0
-200   -200  -200   -200
0   0  0   -0.693147
-200   -200  -200   -0.693147
0   0  0   0
-200   -200  -200   -200
0   0  0   -0.693147
-200   -200  -200   -0.693147
0   0  0   0
-200   -200  -200   -200
0   0  0   -0.693147
-200   -200  -200   -0.693147
0   0  0   0
-200   -200  -200   -200
0   0  0   -0.693147
-200   -200  -200   -0.693147
0   0  0   0
-200   -200  -200   -200
0   0  0   -0.693147
-200   -200  -200   -0.693147
0   0  0   0
-200   -200  -200   -200
0   0  0   -0.693147
-200   -200  -200   -0.693147
0   0  0   0
-200   -200  -200   -200
0   0  0   -0.693147
-200   -200  -200   -0.693147
0   0  0   0
-200   -200  -200   -200
0   0  0   -0.693147
-200   -200  -200   -0.693147
0   0  0   0
-200   -200  -200   -200
0   0  0   -0.693147
-200   -200  -200   -0.693147
0   0  0   0
-200   -200  -200   -200
0   0  0   -0.693147
-200   -200  -200   -0.693147
0   0  0   0
-200   -200  -200   -200
0   0  0   -0.693147
-200   -200  -200   -0.693147
0   0  0   0
-200   -200  -200   -200
0   0  0   -0.693147
-200   -200  -200   -0.693147
0   0  0   0
-200   -200  -200   -200
0   0  0   -0.693147
-200   -200  -200   -0.693147
0   0  0   0
-200   -200  -200   -200
0   0  0   -0.693147
-200   -200  -200   -0.693147
0   0  0   0
-200   -200  -200   -200
0   0  0   -0.693147
-200   -200  -200   -0.693147
0   0  0   0
-200   -200  -200   -200
0   0  0   -0.693147
-200   -200  -200   -0.693147
0   0  0   0
-200   -200  -200   -200
-0.602309   0  0   -0.693147
-0.793069   -200  -200   -0.693147
0   0  0   0
-149.216   -200  -200   -200
-188.423   0  0   -0.693147
0   -200  -200   -0.693147
-200   0  0   -0.602309
0   -200  -200   -0.793069
-200   0  -124.924   -0.693147
0   -200  0   -0.693147
-200   0  -70.9903   -0.610522
0   -200  0   -0.783219
-200   0  -182.105   -0.693147
0   -200  0   -0.693147
-200   0  -200   -70.4226
0   -75.2487  0   0
-200   -70.4226  -200   -0.693147
0   0  0   -0.693147
-200   -1.39087e-08  -200   -172.216
0   -18.0908  0   0
-200   -172.216  -200   -0.693147
0   0  0   -0.693147
-200   -200  -200   -200
0   0  0   0
-200   -200  -200   -0.693147
0   0  0   -0.693147
-200   -200  -200   -200
0   0  0   0
-200   -200  -200   -0.693147
0   0  0   -0.693147
-200   -200  -200   -200
0   0  0   0
-200   -200  -200   -0.693147
0   0  0   -0.693147
-200   -200  -200   -200
0   0  0   0
-200   -200  -200   -0.693147
0   0  0   -0.693147
-200   -200  -200   -200
0   0  0   0
-200   -200  -200   -0.693147
0   0  0   -0.693147
-200   -200  -200   -200
0   0  0   0
-200   -200  -200   -0.693147
0   0  0   -0.693147
-200   -200  -200   -200
0   0  0   0
-200   -200  -200   -0.693147
0   0  0   -0.693147
-200   -200  -200   -200
0   0  0   0
-200   -200  -200   -0.693147
0   0  0   -0.693147
-200   -200  -200   -200
0   0  0   0
-200   -200  -200   -0.693147
0   0  0   -0.693147
-200   -200  -200   -200
0   0  0   0
-200   -200  -200   -0.693147
0   0  0   -0.693147
-200   -200  -200   -200
0   0  0   0
-200   -200  -200   -0.693147
0   0  0   -0.693147
-200   -200  -200   -200
0   0  0   0
-200   -200  -200   -0.693147
0   0  0   -0.693147
-200   -200  -200   -200
0   0  0   0
-200   -200  -200   -0.693147
0   0  0   -0.693147
-200   -200  -200   -200
0   0  0   0
-200   -200  -200   -0.693147
0   0  0   -0.693147
-200   -200  -200   -200
0   0  0   0
-200   -200  -200   -0.693147
0   0  0   -0.693147
-200   -200  -200   -200
0   0  0   0
-200   -200  -200   -0.693147
0   0  0   -0.693147
-200   -200  -200   -200
0   0  0   0
-200   -200  -200   -0.693147
0   0  0   -0.693147
-200   -200  -200   -200
0   0  0   0
-200   -200  -200   -0.693147
0   0  0   -0.693147
-200   -200  -200   -200
0   0  0   0
-200   -200  -200   -0.693147
0   0  0   -0.693147
-200   -200  -200   -200
0   0  0   0
-200   -200  -200   -0.693147
0   0  0   -0.693147
-200   -200  -200   -200
0   0  0   0
-200   -200  -200   -0.693147
0   0  0   -0.693147
-200   -200  -200   -200
0   0  0   0
-200   -200  -200   -0.693147
0   0  0   -0.693147
-200   -200  -200   -200
0   0  0   0
-200   -200  -200   -0.693147
0   0  0   -0.693147
-200   -200  -200   -200
0   0  0   0
-200   -200  -200   -0.693147
0   0  0   -0.693147
-200   -200  -200   -200
0   0  0   0
-200   -200  -200   -0.693147
0   0  0   -0.693147
-200   -200  -200   -200
0   0  0   0
-200   -200  -200   -0.693147
0   0  0   -0.693147
-200   -200  -200   -200
0   0  0   0
-200   -200  -200   -0.693147
0   0  0   -0.693147
-200   -200  -200   -200
0   0  0   0
-200   -200  -200   -0.693147
0   0  0   -0.693147
-200   -200  -200   -200
0   0  0   0
-200   -200  -200   -0.693147
0   0  0   -0.693147
-200   -200  -200   -200
0   0  0   0
-200   -200  -200   -0.693147
0   0  0   -0.693147
-200   -200  -200   -200
0   0  0   0
-200   -200  -200   -0.693147
0   0  0   -0.693147
-200   -200  -200   -200
0   0  0   0
-200   -200  -200   -0.693147
0   0  0   -0.693147
-200   -200  -200   -200
0   0  0   0
-200   -200  -200   -0.693147
0   0  0   -0.693147
-200   -200  -200   -200
0   0  0   0
-200   -200  -200   -0.693147
0   0  0   -0.693147
-200   -200  -200   -200
0   0  0   0
-200   -200  -200   -0.693147
0   0  0   -0.693147
-200   -200  -200   -200
0   0  0   0
-200   -200  -200   -0.693147
0   0  0   -0.693147
-200   -200  -200   -200
0   0  0   0
-200   -200  -200   -0.693147
0   0  0   -0.693147
-200   -200  -200   -200
0   0  0   0
-200   -200  -200   -0.693147
0   0  0   -0.693147
-200   -200  -200   -200
0   0  0   0
-200   -200  -200   -0.693147
0   0  0   -0.693147
-200   -200  -200   -200
0   0  0   0
-200   -200  -200   -0.693147
0   0  0   -0.693147
-200   -200  -200   -200
0   0  0   0
-200   -200  -200   -0.693147
0   0  0   -0.693147
-200   -200  -200   -200
0   0  0   0
-200   -200  -200   -0.693147
0   0  0   -0.693147
-200   -200  -200   -200
0   0  0   0
-200   -200  -200   -0.693147
0   0  0   -0.693147
-200   -200  -200   -200
0   0  0   0
-200   -200  -200   -0.693147
0   0  0   -0.693147
-200   -200  -200   -200
0   0  0   0
-200   -200  -200   -0.693147
0   0  0   -0.693147
-200   -200  -200   -200
0   0  0   0
-200   -200  -200   -0.693147
0   0  0   -0.693147
-200   -200  -200   -200
0   0  0   0
-200   -200  -200   -0.693147
0   0  0   -0.693147
-200   -200  -200   -200
0   0  0   0
-200   -200  -200   -0.693147
0   0  0   -0.693147
-200   -200  -200   -200
0   0  0   0
-200   -200  -200   -0.693147
0   0  0   -0.693147
-200   -200  -200   -200
0   0  0   0
-200   -200  -200   -0.693147
0   0  0   -0.693147
-200   -200  -200   -200
0   0  0   0
-200   -200  -200   -0.693147
0   0  0   -0.693147
-200   -200  -200   -200
0   0  0   0
-200   -200  -200   -0.693147
0   0  0   -0.693147
-200   -200  -200   -200
0   0  0   0
-200   -200  -200   -0.693147
0   0  0   -0.693147
-200   -200  -200   -200
0   0  0   0
-200   -200  -200   -0.693147
0   0  0   -0.693147
-200   -200  -200   -200
0   0  0   0
-200   -200  -200   -0.693147
0   0  0   -0.693147
-200   -200  -200   -200
0   0  0   0
-200   -200  -200   -0.693147
0   0  0   -0.693147
-200   -200  -200   -200
0   0  0   0
-200   -200  -200   -0.693147
0   0  0   -0.693147
-200   -200  -200   -200
0   0  0   0
-200   -200  -200   -0.693147
0   0  0   -0.693147
-200   -200  -200   -200
0   0  0   0
-200   -200  -200   -0.693147
0   0  0   -0.693147
-200   -200  -200   -200
0   0  0   0
-200   -200  -200   -0.693147
0   0  0   -0.693147
-200   -200  -200   -200
0   0  0   0
-200   -200  -200   -0.693147
0   0  0   -0.693147
-200   -200  -200   -200
0   0  0   0
-200   -200  -200   -0.693147
0   0  0   -0.693147
-200   -200  -200   -200
0   0  0   0
-200   -200  -200   -0.693147
0   0  0   -0.693147
-200   -200  -200   -200
0   0  0   0
-200   -200  -200   -0.693147
0   0  0   -0.693147
-200   -200  -200   -200
0   0  0   0
-200   -200  -200   -0.693147
0   0  0   -0.693147
-200   -200  -200   -200
0   0  0   0
-200   -200  -200   -0.693147
0   0  0   -0.693147
-200   -200  -200   -200
0   0  0   0
-200   -200  -200   -0.693147
0   0  0   -0.693147
-200   -200  -200   -200
0   0  0   0
-200   -200  -200   -0.693147
0   0  0   -0.693147
-200   -200  -200   -200
0   0  0   0
-200   -200  -200   -0.693147
0   0  0   -0.693147
-200   -200  -200   -200
0   0  0   0
-200   -200  -200   -0.693147
0   0  0   -0.693147
-200   -200  -200   -200
0   0  0   0
-200   -200  -200   -0.693147
0   0  0   -0.693147
-200   -200  -200   -200
0   0  0   0
-200   -200  -200   -0.693147
0   0  0   -0.693147
-200   -200  -200   -200
0   0  0   0
-200   -200  -200   -0.693147
0   0  0   -0.693147
-200   -200  -200   -200
0   0  0   0
-200   -200  -200   -0.693147
0   0  0   -0.693147
-200   -200  -200   -200
0   0  0   0
-200   -200  -200   -0.693147
0   0  0   -0.693147
-200   -200  -200   -200
0   0  0   0
-200   -200  -200   -0.693147
0   0  0   -0.693147
-200   -200  -200   -200
0   0  0   0
-200   -200  -200   -0.693147
0   0  0   -0.693147
-200   -200  -200   -200
0   0  0   0
-200   -200  -200   -0.693147
0   0  0   -0.693147
-200   -200  -200   -200
0   0  0   0
-200   -200  -200   -0.693147
0   0  0   -0.693147
-200   -200  -200   -200
0   0  0   0
-200   -200  -200   -0.693147
0   0  0   -0.693147
-200   -200  -200   -200
0   0  0   0
-200   -200  -200   -0.693147
0   0  0   -0.693147
-200   -200  -200   -200
0   0  0   0
-200   -200  -200   -0.693147
0   0  0   -0.693147
-200   -200  -200   -200
0   0  0   0
-200   -200  -200   -0.693147
0   0  0   -0.693147
-200   -200  -200   -200
0   0  0   0
-200   -200  -200   -0.693147
0   0  0   -0.693147
-200   -200  -200   -200
0   0  0   0
-200   -200  -200   -0.693147
0   0  0   -0.693147
-200   -200  -200   -200
0   0  0   0
-200   -200  -200   -0.693147
0   0  0   -0.693147
-200   -200  -200   -200
0   0  0   0
-200   -200  -200   -0.693147
0   0  0   -0.693147
-200   -200  -200   -200
0   0  0   0
-200   -200  -200   -0.693147
0   0  0   -0.693147
-200   -200  -200   -200
0   0  0   0
-200   -200  -200   -0.693147
0   0  0   -0.693147
-200   -200  -200   -200
0   0  0   0
-200   -200  -200   -0.693147
0   0  0   -0.693147
-200   -200  -200   -200
0   0  0   0
-200   -200  -200   -0.693147
0   0  0   -0.693147
-200   -200  -200   -200
0   0  0   0
-200   -200  -200   -0.693147
0   0  0   -0.693147
-200   -200  -200   -200
0   0  0   0
-168.786   -200  -200   -0.693147
0   0  0   -0.693147
-200   -200  -200   -200
0   0  0   0
-2.84217e-14   -200  -200   -0.693147
-31.0355   0  0   -0.693147
-102.333   -200  -200   -168.786
0   0  0   0
0   -200  -200   -0.693147
-97.3626   0  0   -0.693147
0   -200  -200   -0.623069
-97.3626   0  0   -0.768509
0   -200  -102.8   -0.693147
-200   0  0   -0.693147
0   -200  -176.398   -0.615319
-200   0  0   -0.777548
0   -200  0   -0.693147
-200   0  -117.517   -0.693147
0   -200  0   0
-200   0  -117.396   -107.212
0   0  0   -0.693147
-200   -107.212  -200   -0.693147
0   -1.82183e-11  0   0
-200   -24.7292  -200   -200
0   0  0   -0.693147
-200   -200  -200   -0.693147
0   0  0   0
-200   -200  -200   -200
0   0  0   -0.693147
-200   -200  -200   -0.693147
0   0  0   0
-200   -200  -200   -200
0   0  0   -0.693147
-200   -200  -200   -0.693147
0   0  0   0
-200   -200  -200   -200
0   0  0   -0.693147
-200   -200  -200   -0.693147
0   0  0   0
-200   -200  -200   -200
0   0  0   -0.693147
-200   -200  -200   -0.693147
0   0  0   0
-200   -200  -200   -200
0   0  0   -0.693147
-200   -200  -200   -0.693147
0   0  0   0
-200   -200  -200   -200
0   0  0   -0.693147
-200   -200  -200   -0.693147
0   0  0   0
-200   -200  -200   -200
0   0  0   -0.693147
-200   -200  -200   -0.693147
0   0  0   0
-200   -200  -200   -200
0   0  0   -0.693147
-200   -200  -200   -0.693147
0   0  0   0
-200   -200  -200   -200
0   0  0   -0.693147
-200   -200  -200   -0.693147
0   0  0   0
-200   -200  -200   -200
0   0  0   -0.693147
-200   -200  -200   -0.693147
0   0  0   0
-200   -200  -200   -200
0   0  0   -0.693147
-200   -200  -200   -0.693147
0   0  0   0
-200   -200  -200   -200
0   0  0   -0.693147
-200   -200  -200   -0.693147
0   0  0   0
-200   -200  -200   -200
0   0  0   -0.693147
-200   -200  -200   -0.693147
0   0  0   0
-200   -200  -200   -200
0   0  0   -0.693147
-200   -200  -200   -0.693147
0   0  0   0
-200   -200  -200   -200
0   0  0   -0.693147
-200   -200  -200   -0.693147
0   0  0   0
-200   -200  -200   -200
0   0  0   -0.693147
-200   -200  -200   -0.693147
0   0  0   0
-200   -200  -200   -200
0   0  0   -0.693147
-200   -200  -200   -0.693147
0   0  0   0
-200   -200  -200   -200
0   0  0   -0.693147
-200   -200  -200   -0.693147
0   0  0   0
-200   -200  -200   -200
0   0  0   -0.693147
-200   -200  -200   -0.693147
0   0  0   0
-200   -200  -200   -200
0   0  0   -0.693147
-200   -200  -200   -0.693147
0   0  0   0
-200   -200  -200   -200
0   0  0   -0.693147
-200   -200  -200   -0.693147
0   0  0   0
-200   -200  -200   -200
0   0  0   -0.693147
-200   -200  -200   -0.693147
0   0  0   0
-200   -200  -200   -200
0   0  0   -0.693147
-200   -200  -200   -0.693147
0   0  0   0
-200   -200  -200   -200
0   0  0   -0.693147
-200   -200  -200   -0.693147
0   0  0   0
-200   -200  -200   -200
0   0  0   -0.693147
-200   -200  -200   -0.693147
0   0  0   0
-200   -200  -200   -200
0   0  0   -0.693147
-200   -200  -200   -0.693147
0   0  0   0
-200   -200  -200   -200
0   0  0   -0.693147
-200   -200  -200   -0.693147
0   0  0   0
-200   -200  -200   -200
0   0  0   -0.693147
-200   -200  -200   -0.693147
0   0  0   0
-200   -200  -200   -200
0   0  0   -0.693147
-200   -200  -200   -0.693147
0   0  0   0
-200   -200  -200   -200
0   0  0   -0.693147
-200   -200  -200   -0.693147
0   0  0   0
-200   -200  -200   -200
0   0  0   -0.693147
-200   -200  -200   -0.693147
0   0  0   0
-200   -200  -200   -200
0   0  0   -0.693147
-200   -200  -200   -0.693147
0   0  0   0
-200   -200  -200   -200
0   0  0   -0.693147
-200   -200  -200   -0.693147
0   0  0   0
-200   -200  -200   -200
0   0  0   -0.693147
-200   -200  -200   -0.693147
0   0  0   0
-200   -200  -200   -200
0   0  0   -0.693147
-200   -200  -200   -0.693147
0   0  0   0
-200   -200  -200   -200
0   0  0   -0.693147
-200   -200  -200   -0.693147
0   0  0   0
-200   -200  -200   -200
0   0  0   -0.693147
-200   -200  -200   -0.693147
0   0  0   0
-200   -200  -200   -200
0   0  0   -0.693147
-200   -200  -200   -0.693147
0   0  0   0
-200   -200  -200   -200
0   0  0   -0.693147
-200   -200  -200   -0.693147
0   0  0   0
-200   -200  -200   -200
0   0  0   -0.693147
-200   -200  -200   -0.693147
0   0  0   0
-200   -200  -200   -200
0   0  0   -0.693147
-200   -200  -200   -0.693147
0   0  0   0
-200   -200  -200   -200
0   0  0   -0.693147
-200   -200  -200   -0.693147
0   0  0   0
-200   -200  -200   -200
0   0  0   -0.693147
-200   -200  -200   -0.693147
0   0  0   0
-200   -200  -200   -200
0   0  0   -0.693147
-200   -200  -200   -0.693147
0   0  0   0
-200   -200  -200   -200
0   0  0   -0.693147
-200   -200  -200   -0.693147
0   0  0   0
-200   -200  -200   -200
0   0  0   -0.693147
-200   -200  -200   -0.693147
0   0  0   0
-200   -200  -200   -200
0   0  0   -0.693147
-200   -200  -200   -0.693147
0   0  0   0
-200   -200  -200   -200
0   0  0   -0.693147
-200   -200  -200   -0.693147
0   0  0   0
-200   -200  -200   -200
0   0  0   -0.693147
-200   -200  -200   -0.693147
0   0  0   0
-200   -200  -200   -200
0   0  0   -0.693147
-200   -200  -200   -0.693147
0   0  0   0
-200   -200  -200   -200
0   0  0   -0.693147
-200   -200  -200   -0.693147
0   0  0   0
-200   -200  -200   -200
0   0  0   -0.693147
-200   -200  -200   -0.693147
0   0  0   0
-200   -200  -200   -200
0   0  0   -0.693147
-200   -200  -200   -0.693147
0   0  0   0
-200   -200  -200   -200
0   0  0   -0.693147
-200   -200  -200   -0.693147
0   0  0   0
-200   -200  -200   -200
0   0  0   -0.693147
-200   -200  -200   -0.693147
0   0  0   0
-200   -200  -200   -200
0   0  0   -0.693147
-200   -200  -200   -0.693147
0   0  0   0
-200   -200  -200   -200
0   0  0   -0.693147
-200   -200  -200   -0.693147
0   0  0   0
-200   -200  -200   -200
0   0  0   -0.693147
-200   -200  -200   -0.693147
0   0  0   0
-200   -200  -200   -200
0   0  0   -0.693147
-200   -200  -200   -0.693147
0   0  0   0
-200   -200  -200   -200
0   0  0   -0.693147
-200   -200  -200   -0.693147
0   0  0   0
-200   -200  -200   -200
0   0  0   -0.693147
-200   -200  -200   -0.693147
0   0  0   0
-200   -200  -200   -200
0   0  0   -0.693147
-200   -200  -200   -0.693147
0   0  0   0
-200   -200  -200   -200
0   0  0   -0.693147
-200   -200  -200   -0.693147
0   0  0   0
-200   -200  -200   -200
0   0  0   -0.693147
-200   -200  -200   -0.693147
0   0  0   0
-200   -200  -200   -200
0   0  0   -0.693147
-200   -200  -200   -0.693147
0   0  0   0
-200   -200  -200   -200
0   0  0   -0.693147
-200   -200  -200   -0.693147
0   0  0   0
-200   -200  -200   -200
0   0  0   -0.693147
-200   -200  -200   -0.693147
0   0  0   0
-200   -200  -200   -200
0   0  0   -0.693147
-200   -200  -200   -0.693147
0   0  0   0
-200   -200  -200   -200
0   0  0   -0.693147
-200   -200  -200   -0.693147
0   0  0   0
-200   -200  -200   -200
0   0  0   -0.693147
-200   -200  -200   -0.693147
0   0  0   0
-200   -200  -200   -200
0   0  0   -0.693147
-200   -200  -200   -0.693147
0   0  0   0
-200   -200  -200   -200
0   0  0   -0.693147
-200   -200  -200   -0.693147
0   0  0   0
-200   -200  -200   -200
0   0  0   -0.693147
-200   -200  -200   -0.693147
0   0  0   0
-200   -200  -200   -200
0   0  0   -0.693147
-200   -200  -200   -0.693147
0   0  0   0
-200   -200  -200   -200
0   0  0   -0.693147
-200   -200  -200   -0.693147
0   0  0   0
-200   -200  -200   -200
0   0  0   -0.693147
-200   -200  -200   -0.693147
0   0  0   0
-200   -200  -200   -200
0   0  0   -0.693147
-200   -200  -200   -0.693147
0   0  0   0
-200   -200  -200   -200
0   0  0   -0.693147
-200   -200  -200   -0.693147
0   0  0   0
-200   -200  -200   -200
0   0  0   -0.693147
-200   -200  -200   -0.693147
0   0  0   0
-200   -200  -200   -200
0   0  0   -0.693147
-200   -200  -200   -0.693147
0   0  0   0
-200   -200  -200   -200
0   0  0   -0.693147
-200   -200  -200   -0.693147
0   0  0   0
-200   -200  -200   -200
0   0  0   -0.693147
-200   -200  -200   -0.693147
0   0  0   0
-200   -200  -200   -200
0   0  0   -0.693147
-200   -200  -200   -0.693147
0   0  0   0
-200   -200  -200   -200
0   0  0   -0.693147
-200   -200  -200   -0.693147
0   0  0   0
-200   -200  -200   -200
0   0  0   -0.693147
-200   -200  -200   -0.693147
0   0  0   0
-200   -200  -200   -200
0   0  0   -0.693147
-200   -200  -200   -0.693147
0   0  0   0
-200   -200  -200   -200
0   0  0   -0.693147
-200   -200  -200   -0.693147
0   0  0   0
-200   -200  -200   -200
0   0  0   -0.693147
-200   -200  -200   -0.693147
0   0  0   0
-200   -200  -200   -200
0   0  0   -0.693147
-200   -200  -200   -0.693147
0   0  0   0
-200   -200  -200   -200
0   0  0   -0.693147
-200   -200  -200   -0.693147
0   0  0   0
-200   -200  -200   -200
0   0  0   -0.693147
-200   -200  -200   -0.693147
0   0  0   0
-200   -200  -200   -200
0   0  0   -0.693147
-200   -200  -200   -0.693147
0   0  0   0
-200   -200  -200   -200
0   0  0   -0.693147
-200   -200  -200   -0.693147
0   0  0   0
-200   -200  -200   -200
0   0  0   -0.693147
-200   -200  -200   -0.693147
0   0  0   0
-200   -200  -200   -200
0   0  0   -0.693147
-200   -200  -200   -0.693147
0   0  0   0
-200   -200  -200   -200
0   0  0   -0.693147
-200   -200  -200   -0.693147
0   0  0   0
-200   -200  -200   -200
0   0  0   -0.693147
-200   -200  -200   -0.693147
0   0  0   0
-200   -200  -200   -200
0   0  0   -0.693147
-200   -200  -200   -0.693147
0   0  0   0
-200   -200  -200   -200
0   0  0   -0.693147
-200   -200  -200   -0.693147
0   0  0   0
-200   -200  -200   -200
0   0  0   -0.693147
-200   -200  -200   -0.693147
0   0  0   0
-200   -200  -200   -200
0   0  0   -0.693147
-200   -200  -200   -0.693147
0   0  0   0
-200   -200  -200   -200
0   0  0   -0.693147
-200   -200  -200   -0.693147
0   0  0   0
-200   -200  -200   -200
0   0  0   -0.693147
-200   -200  -200   -0.693147
0   0  0   0
-200   -200  -200   -200
0   0  0   -0.693147
-200   -200  -200   -0.693147
0   0  0   0
-200   -200  -200   -200
0   0  0   -0.693147
-200   -200  -200   -0.693147
0   0  0   0
-200   -200  -200   -200
0   0  0   -0.693147
-200   -200  -200   -0.693147
0   0  0   0
-200   -200  -200   -200
0   0  0   -0.693147
-200   -200  -200   -0.693147
0   0  0   0
-200   -200  -200   -200
0   0  0   -0.693147
-200   -200  -200   -0.693147
0   0  0   0
-200   -200  -200   -200
0   0  0   -0.693147
-200   -200  -200   -0.693147
0   0  0   0
-200   -200  -200   -200
0   0  0   -0.693147
-200   -200  -200   -0.693147
0   0  0   0
-200   -200  -200   -200
0   0  0   -0.693147
-200   -200  -200   -0.693147
0   0  0   0
-200   -200  -200   -200
0   0  0   -0.693147
-200   -200  -200   -0.693147
0   0  0   0
-200   -200  -200   -200
0   0  0   -0.693147
-200   -200  -200   -0.693147
0   0  0   0
-200   -200  -200   -200
0   0  0   -0.693147
-200   -200  -200   -0.693147
0   0  0   0
-200   -200  -200   -200
0   0  0   -0.693147
-200   -200  -200   -0.693147
0   0  0   0
-200   -200  -200   -200
0   0  0   -0.693147
-200   -200  -200   -0.693147
0   0  0   0
-200   -200  -200   -200
0   0  0   -0.693147
-200   -200  -200   -0.693147
0   0  0   0
-200   -200  -200   -200
0   0  0   -0.693147
-200   -200  -200   -0.693147
0   0  0   0
-200   -200  -200   -200
0   0  0   -0.693147
-200   -200  -200   -0.693147
0   0  0   0
-200   -200  -200   -200
0   0  0   -0.693147
-200   -200  -200   -0.693147
0   0  0   0
-200   -200  -200   -200
0   0  0   -0.693147
-200   -200  -200   -0.693147
0   0  0   0
-200   -200  -200   -200
0   0  0   -0.693147
-200   -200  -200   -0.693147
0   0  0   0
-200   -200  -200   -200
0   0  0   -0.693147
-200   -200  -200   -0.693147
0   0  0   0
-200   -200  -200   -200
0   0  0   -0.693147
-200   -200  -200   -0.693147
0   0  0   0
-200   -200  -200   -200
0   0  0   -0.693147
-200   -200  -200   -0.693147
0   0  0   0
-200   -200  -200   -200
0   0  0   -0.693147
-200   -200  -200   -0.693147
0   0  0   0
-200   -200  -200   -200
0   0  0   -0.693147
-200   -200  -200   -0.693147
0   0  0   0
-200   -200  -200   -200
0   0  0   -0.693147
-200   -200  -200   -0.693147
0   0  0   0
-200   -200  -200   -200
0   0  0   -0.693147
-200   -200  -200   -0.693147
0   0  0   0
-200   -200  -200   -200
0   0  0   -0.693147
-200   -200  -200   -0.693147
0   0  0   0
-200   -200  -200   -200
0   0  0   -0.693147
-200   -200  -200   -0.693147
0   0  0   0
-200   -200  -200   -200
0   0  0   -0.693147
-200   -200  -200   -0.693147
0   0  0   0
-200   -200  -200   -200
0   0  0   -0.693147
-200   -200  -200   -0.693147
0   0  0   0
-200   -200  -200   -200
0   0  0   -0.693147
-200   -200  -200   -0.693147
0   0  0   0
-200   -200  -200   -200
0   0  0   -0.693147
-200   -200  -200   -0.693147
0   0  0   0
-200   -200  -200   -200
0   0  0   -0.693147
-200   -200  -200   -0.693147
0   0  0   0
-200   -200  -200   -200
0   0  0   -0.693147
-200   -200  -200   -0.693147
0   0  0   0
-200   -200  -200   -200
0   0  0   -0.693147
-200   -200  -200   -0.693147
0   0  0   0
-200   -200  -200   -200
0   0  0   -0.693147
-200   -200  -200   -0.693147
0   0  0   0
-200   -200  -200   -200
0   0  0   -0.693147
-200   -200  -200   -0.693147
0   0  0   0
-200   -200  -200   -200
0   0  0   -0.693147
-200   -200  -200   -0.693147
0   0  0   0
-200   -200  -200   -200
0   0  0   -0.693147
-200   -200  -200   -0.693147
0   0  0   0
-200   -200  -200   -200
0   0  0   -0.693147
-200   -200  -200   -0.693147
0   0  0   0
-200   -200  -200   -200
0   0  0   -0.693147
-200   -200  -200   -0.693147
0   0  0   0
-200   -200  -200   -200
0   0  0   -0.693147
-200   -200  -200   -0.693147
0   0  0   0
-200   -200  -200   -200
0   0  0   -0.693147
-200   -200  -200   -0.693147
0   0  0   0
-200   -200  -200   -200
0   0  0   -0.693147
-200   -200  -200   -0.693147
0   0  0   0
-200   -200  -200   -200
0   0  0   -0.693147
-200   -200  -200   -0.693147
0   0  0   0
-200   -200  -200   -200
0   0  0   -0.693147
-200   -200  -200   -0.693147
0   0  0   0
-200   -200  -200   -200
0   0  0   -0.693147
-200   -200  -200   -0.693147
0   0  0   0
-200   -200  -200   -200
0   0  0   -0.693147
-200   -200  -200   -0.693147
0   0  0   0
-200   -200  -200   -200
0   0  0   -0.693147
-200   -200  -200   -0.693147
0   0  0   0
-200   -200  -200   -200
0   0  0   -0.693147
-200   -200  -200   -0.693147
0   0  0   0
-200   -200  -200   -200
0   0  0   -0.693147
-200   -200  -200   -0.693147
0   0  0   0
-200   -200  -200   -200
0   0  0   -0.693147
-200   -200  -200   -0.693147
0   0  0   0
-200   -200  -200   -200
0   0  0   -0.693147
-200   -200  -200   -0.693147
0   0  0   0
-200   -200  -200   -200
0   0  0   -0.693147
-200   -200  -200   -0.693147
0   0  0   0
-200   -200  -200   -200
0   0  0   -0.693147
-200   -200  -200   -0.693147
0   0  0   0
-200   -200  -200   -200
0   0  0   -0.693147
-200   -200  -200   -0.693147
0   0  0   0
-200   -200  -200   -200
0   0  0   -0.693147
-200   -200  -200   -0.693147
0   0  0   0
-200   -200  -200   -200
0   0  0   -0.693147
-200   -200  -200   -0.693147
0   0  0   0
-200   -200  -200   -200
0   0  0   -0.693147
-200   -200  -200   -0.693147
0   0  0   0
-200   -200  -200   -200
0   0  0   -0.693147
-200   -200  -200   -0.693147
0   0  0   0
-200   -200  -200   -200
0   0  0   -0.693147
-200   -200  -200   -0.693147
0   0  0   0
-200   -200  -200   -200
0   0  0   -0.693147
-200   -200  -200   -0.693147
0   0  0   0
-200   -200  -200   -200
0   0  0   -0.693147
-200   -200  -200   -0.693147
0   0  0   0
-200   -200  -200   -200
0   0  0   -0.693147
-200   -200  -200   -0.693147
0   0  0   0
-200   -200  -200   -200
0   0  0   -0.693147
-200   -200  -200   -0.693147
0   0  0   0
-200   -200  -200   -200
0   0  0   -0.693147
-200   -200  -200   -0.693147
0   0  0   0
-200   -200  -200   -200
0   0  0   -0.693147
-200   -200  -200   -0.693147
0   0  0   0
-200   -200  -200   -200
0   0  0   -0.693147
-200   -200  -200   -0.693147
0   0  0   0
-200   -200  -200   -200
0   0  0   -0.693147
-200   -200  -200   -0.693147
0   0  0   0
-200   -200  -200   -200
0   0  0   -0.693147
-200   -200  -200   -0.693147
0   0  0   0
-200   -200  -200   -200
0   0  0   -0.693147
-200   -200  -200   -0.693147
0   0  0   0
-200   -200  -200   -200
0   0  0   -0.693147
-200   -200  -200   -0.693147
0   0  0   0
-200   -200  -200   -200
0   0  0   -0.693147
-200   -200  -200   -0.693147
0   0  0   0
-200   -200  -200   -200
0   0  0   -0.693147
-200   -200  -200   -0.693147
0   0  0   0
-200   -200  -200   -200
0   0  0   -0.693147
-200   -200  -200   -0.693147
0   0  0   0
-200   -200  -200   -200
0   0  0   -0.693147
-200   -200  -200   -0.693147
0   0  0   0
-200   -200  -200   -200
0   0  0   -0.693147
-200   -200  -200   -0.693147
0   0  0   0
-200   -200  -200   -200
0   0  0   -0.693147
-200   -200  -200   -0.693147
0   0  0   0
-200   -200  -200   -200
0   0  0   -0.693147
-200   -200  -200   -0.693147
0   0  0   0
-200   -200  -200   -200
0   0  0   -0.693147
-200   -200  -200   -0.693147
0   0  0   0
-200   -200  -200   -200
0   0  0   -0.693147
-200   -200  -200   -0.693147
0   0  0   0
-200   -200  -200   -200
0   0  0   -0.693147
-200   -200  -200   -0.693147
0   0  0   0
-200   -200  -200   -200
0   0  0   -0.693147
-200   -200  -200   -0.693147
0   0  0   0
-200   -200  -200   -200
0   0  0   -0.693147
-200   -200  -200   -0.693147
0   0  0   0
-200   -200  -200   -200
0   0  0   -0.693147
-200   -200  -200   -0.693147
0   0  0   0
-200   -200  -200   -200
0   0  0   -0.693147
-200   -200  -200   -0.693147
0   0  0   0
-200   -200  -200   -200
0   0  0   -0.693147
-200   -200  -200   -0.693147
0   0  0   0
-200   -200  -200   -200
0   0  0   -0.693147
-200   -200  -200   -0.693147
0   0  0   0
-200   -200  -200   -200
0   0  0   -0.693147
-200   -200  -200   -0.693147
0   0  0   0
-200   -200  -200   -200
0   0  0   -0.693147
-200   -200  -200   -0.693147
0   0  0   0
-200   -200  -200   -200
0   0  0   -0.693147
-200   -200  -200   -0.693147
0   0  0   0
-200   -200  -200   -200
0   0  0   -0.693147
-200   -200  -200   -0.693147
0   0  0   0
-200   -200  -200   -200
0   0  0   -0.693147
-200   -200  -200   -0.693147
0   0  0   0
-200   -200  -200   -200
0   0  0   -0.693147
-200   -200  -200   -0.693147
0   0  0   0
-200   -200  -200   -200
0   0  0   -0.693147
-200   -200  -200   -0.693147
0   0  0   0
-200   -200  -200   -200
0   0  0   -0.693147
-200   -200  -200   -0.693147
0   0  0   0
-200   -200  -200   -200
0   0  0   -0.693147
-200   -200  -200   -0.693147
0   0  0   0
-200   -200  -200   -200
0   0  0   -0.693147
-200   -200  -200   -0.693147
0   0  0   0
-200   -200  -200   -200
0   0  0   -0.693147
-200   -200  -200   -0.693147
0   0  0   0
-200   -200  -200   -200
0   0  0   -0.693147
-200   -200  -200   -0.693147
0   0  0   0
-200   -200  -200   -200
0   0  0   -0.693147
-200   -200  -200   -0.693147
0   0  0   0
-200   -200  -200   -200
0   0  0   -0.693147
-200   -200  -200   -0.693147
0   0  0   0
-200   -200  -200   -200
0   0  0   -0.693147
-200   -200  -200   -0.693147
0   0  0   0
-200   -200  -200   -200
0   0  0   -0.693147
-200   -200  -200   -0.693147
0   0  0   0
-200   -200  -200   -200
0   0  0   -0.693147
-200   -200  -200   -0.693147
0   0  0   0
-200   -200  -200   -200
0   0  0   -0.693147
-200   -200  -200   -0.693147
0   0  0   0
-200   -200  -200   -200
0   0  0   -0.693147
-200   -200  -200   -0.693147
0   0  0   0
-200   -200  -200   -200
0   0  0   -0.693147
-200   -200  -200   -0.693147
0   0  0   0
-200   -200  -200   -200
0   0  0   -0.693147
-200   -200  -200   -0.693147
0   0  0   0
-200   -200  -200   -200
0   0  0   -0.693147
-200   -200  -200   -0.693147
0   0  0   0
-200   -200  -200   -200
0   0  0   -0.693147
-200   -200  -200   -0.693147
0   0  0   0
-200   -200  -200   -200
0   0  0   -0.693147
-200   -200  -200   -0.693147
0   0  0   0
-200   -200  -200   -200
0   0  0   -0.693147
-200   -200  -200   -0.693147
0   0  0   0
-200   -200  -200   -200
0   0  0   -0.693147
-200   -200  -200   -0.693147
0   0  0   0
-200   -200  -200   -200
0   0  0   -0.693147
-200   -200  -200   -0.693147
0   0  0   0
-200   -200  -200   -200
0   0  0   -0.693147
-200   -200  -200   -0.693147
0   0  0   0
-200   -200  -200   -200
0   0  0   -0.693147
-200   -200  -200   -0.693147
0   0  0   0
-200   -200  -200   -200
0   0  0   -0.693147
-200   -200  -200   -0.693147
0   0  0   0
-200   -200  -200   -200
0   0  0   -0.693147
-200   -200  -200   -0.693147
0   0  0   0
-200   -200  -200   -200
0   0  0   -0.693147
-200   -200  -200   -0.693147
0   0  0   0
-200   -200  -200   -200
0   0  0   -0.693147
-200   -200  -200   -0.693147
0   0  0   0
-200   -200  -200   -200
0   0  0   -0.693147
-200   -200  -200   -0.693147
0   0  0   0
-200   -200  -200   -200
0   0  0   -0.693147
-200   -200  -200   -0.693147
0   0  0   0
-200   -200  -200   -200
0   0  0   -0.693147
-200   -200  -200   -0.693147
0   0  0   0
-200   -200  -200   -200
0   0  0   -0.693147
-200   -200  -200   -0.693147
0   0  0   0
-200   -200  -200   -200
0   0  0   -0.693147
-200   -200  -200   -0.693147
0   0  0   0
-200   -200  -200   -200
0   0  0   -0.693147
-200   -200  -200   -0.693147
0   0  0   0
-200   -200  -200   -200
0   0  0   -0.693147
-200   -200  -200   -0.693147
0   0  0   0
-200   -200  -200   -200
0   0  0   -0.693147
-200   -200  -200   -0.693147
0   0  0   0
-200   -200  -200   -200
0   0  0   -0.693147
-200   -200  -200   -0.693147
0   0  0   0
-200   -200  -200   -200
0   0  0   -0.693147
-200   -200  -200   -0.693147
0   0  0   0
-200   -200  -200   -200
0   0  0   -0.693147
-200   -200  -200   -0.693147
0   0  0   0
-200   -200  -200   -200
0   0  0   -0.693147
-200   -200  -200   -0.693147
0   0  0   0
-200   -200  -200   -200
0   0  0   -0.693147
-200   -200  -200   -0.693147
0   0  0   0
-200   -200  -200   -200
0   0  0   -0.693147
-200   -200  -200   -0.693147
0   0  0   0
-200   -200  -200   -200
0   0  0   -0.693147
-200   -200  -200   -0.693147
0   0  0   0
-200   -200  -200   -200
0   0  0   -0.693147
-200   -200  -200   -0.693147
0   0  0   0
-200   -200  -200   -200
0   0  0   -0.693147
-200   -200  -200   -0.693147
0   0  0   0
-200   -200  -200   -200
0   0  0   -0.693147
-200   -200  -200   -0.693147
0   0  0   0
-200   -200  -200   -200
0   0  0   -0.693147
-200   -200  -200   -0.693147
0   0  0   0
-200   -200  -200   -200
0   0  0   -0.693147
-200   -200  -200   -0.693147
0   0  0   0
-200   -200  -200   -200
0   0  0   -0.693147
-200   -200  -200   -0.693147
0   0  0   0
-200   -200  -200   -200
0   0  0   -0.693147
-200   -200  -200   -0.693147
0   0  0   0
-200   -200  -200   -200
0   0  0   -0.693147
-200   -200  -200   -0.693147
0   0  0   0
-200   -200  -200   -200
0   0  0   -0.693147
-200   -200  -200   -0.693147
0   0  0   0
-200   -200  -200   -200
0   0  0   -0.693147
-200   -200  -200   -0.693147
0   0  0   0
-200   -200  -200   -200
0   0  0   -0.693147
-200   -200  -200   -0.693147
0   0  0   0
-200   -200  -200   -200
0   0  0   -0.693147
-200   -200  -200   -0.693147
0   0  0   0
-200   -200  -200   -200
0   0  0   -0.693147
-200   -200  -200   -0.693147
0   0  0   0
-200   -200  -200   -200
0   0  0   -0.693147
-200   -200  -200   -0.693147
0   0  0   0
-200   -200  -200   -200
0   0  0   -0.693147
-200   -200  -200   -0.693147
0   0  0   0
-200   -200  -200   -200
0   0  0   -0.693147
-200   -200  -200   -0.693147
0   0  0   0
-200   -200  -200   -200
0   0  0   -0.693147
-200   -200  -200   -0.693147
0   0  0   0
-200   -200  -200   -200
0   0  0   -0.693147
-200   -200  -200   -0.693147
0   0  0   0
-200   -200  -200   -200
0   0  0   -0.693147
-200   -200  -200   -0.693147
0   0  0   0
-200   -200  -200   -200
0   0  0   -0.693147
-200   -200  -200   -0.693147
0   0  0   0
-200   -200  -200   -200
0   0  0   -0.693147
-200   -200  -200   -0.693147
0   0  0   0
-200   -200  -200   -200
0   0  0   -0.693147
-200   -200  -200   -0.693147
0   0  0   0
-200   -200  -200   -200
0   0  0   -0.693147
-200   -200  -200   -0.693147
0   0  0   0
-200   -200  -200   -200
0   0  0   -0.693147
-200   -200  -200   -0.693147
0   0  0   0
-200   -200  -200   -200
0   0  0   -0.693147
-200   -200  -200   -0.693147
0   0  0   0
-200   -200  -200   -200
0   0  0   -0.693147
-200   -200  -200   -0.693147
0   0  0   0
-200   -200  -200   -200
0   0  0   -0.693147
-200   -200  -200   -0.693147
0   0  0   0
-200   -200  -200   -200
0   0  0   -0.693147
-200   -200  -200   -0.693147
0   0  0   0
-200   -200  -200   -200
0   0  0   -0.693147
-200   -200  -200   -0.693147
0   0  0   0
-200   -200  -200   -200
0   0  0   -0.693147
-200   -200  -200   -0.693147
0   0  0   0
-200   -200  -200   -200
0   0  0   -0.693147
-200   -200  -200   -0.693147
0   0  0   0
-200   -200  -200   -200
0   0  0   -0.693147
-200   -200  -200   -0.693147
0   0  0   0
-200   -200  -200   -200
0   0  0   -0.693147
-200   -200  -200   -0.693147
0   0  0   0
-200   -200  -200   -200
0   0  0   -0.693147
-200   -200  -200   -0.693147
0   0  0   0
-200   -200  -200   -200
0   0  0   -0.693147
-200   -200  -200   -0.693147
0   0  0   0
-200   -200  -200   -200
0   0  0   -0.693147
-200   -200  -200   -0.693147
0   0  0   0
-200   -200  -200   -200
0   0  0   -0.693147
-200   -200  -200   -0.693147
0   0  0   0
-200   -200  -200   -200
0   0  0   -0.693147
-200   -200  -200   -0.693147
0   0  0   0
-200   -200  -200   -200
0   0  0   -0.693147
-200   -200  -200   -0.693147
0   0  0   0
-200   -200  -200   -200
0   0  0   -0.693147
-200   -200  -200   -0.693147
0   0  0   0
-200   -200  -200   -200
0   0  0   -0.693147
-200   -200  -200   -0.693147
0   0  0   0
-200   -200  -200   -200
0   0  0   -0.693147
-200   -200  -200   -0.693147
0   0  0   0
-200   -200  -200   -200
0   0  0   -0.693147
-200   -200  -200   -0.693147
0   0  0   0
-200   -200  -200   -200
0   0  0   -0.693147
-200   -200  -200   -0.693147
0   0  0   0
-200   -200  -200   -200
0   0  0   -0.693147
-200   -200  -200   -0.693147
0   0  0   0
-200   -200  -200   -200
0   0  0   -0.693147
-200   -200  -200   -0.693147
0   0  0   0
-200   -200  -200   -200
0   0  0   -0.693147
-200   -200  -200   -0.693147
0   0  0   0
-200   -200  -200   -200
0   0  0   -0.693147
-200   -200  -200   -0.693147
0   0  0   0
-200   -200  -200   -200
0   0  0   -0.693147
-200   -200  -200   -0.693147
0   0  0   0
-200   -200  -200   -200
0   0  0   -0.693147
-200   -200  -200   -0.693147
0   0  0   0
-200   -200  -200   -200
0   0  0   -0.693147
-200   -200  -200   -0.693147
0   0  0   0
-200   -200  -200   -200
0   0  0   -0.693147
-200   -200  -200   -0.693147
0   0  0   0
-200   -200  -200   -200
0   0  0   -0.693147
-200   -200  -200   -0.693147
0   0  0   0
-200   -200  -200   -200
0   0  0   -0.693147
-200   -200  -200   -0.693147
0   0  0   0
-200   -200  -200   -200
0   0  0   -0.693147
-200   -200  -200   -0.693147
0   0  0   0
-200   -200  -200   -200
0   0  0   -0.693147
-200   -200  -200   -0.693147
0   0  0   0
-200   -200  -200   -200
0   0  0   -0.693147
-200   -200  -200   -0.693147
0   0  0   0
-200   -200  -200   -200
0   0  0   -0.693147
-200   -200  -200   -0.693147
0   0  0   0
-200   -200  -200   -200
0   0  0   -0.693147
-200   -200  -200   -0.693147
0   0  0   0
-200   -200  -200   -200
0   0  0   -0.693147
-200   -200  -200   -0.693147
0   0  0   0
-200   -200  -200   -200
0   0  0   -0.693147
-200   -200  -200   -0.693147
0   0  0   0
-200   -200  -200   -200
0   0  0   -0.693147
-200   -200  -200   -0.693147
0   0  0   0
-200   -200  -200   -200
0   0  0   -0.693147
-200   -200  -200   -0.693147
0   0  0   0
-200   -200  -200   -200
0   0  0   -0.693147
-200   -200  -200   -0.693147
0   0  0   0
-200   -200  -200   -200
0   0  0   -0.693147
-200   -200  -200   -0.693147
0   0  0   0
-200   -200  -200   -200
0   0  0   -0.693147
-200   -200  -200   -0.693147
0   0  0   0
-200   -200  -200   -200
0   0  0   -0.693147
-200   -200  -200   -0.693147
0   0  0   0
-200   -200  -200   -200
0   0  0   -0.693147
-200   -200  -200   -0.693147
0   0  0   0
-200   -200  -200   -200
0   0  0   -0.693147
-200   -200  -200   -0.693147
0   0  0   0
-200   -200  -200   -200
0   0  0   -0.693147
-200   -200  -200   -0.693147
0   0  0   0
-200   -200  -200   -200
0   0  0   -0.693147
-200   -200  -200   -0.693147
0   0  0   0
-200   -200  -200   -200
0   0  0   -0.693147
-200   -200  -200   -0.693147
0   0  0   0
-200   -200  -200   -200
0   0  0   -0.693147
-200   -200  -200   -0.693147
0   0  0   0
-200   -200  -200   -200
0   0  0   -0.693147
-200   -200  -200   -0.693147
0   0  0   0
-200   -200  -200   -200
0   0  0   -0.693147
-200   -200  -200   -0.693147
0   0  0   0
-200   -200  -200   -200
0   0  0   -0.693147
-200   -200  -200   -0.693147
0   0  0   0
-200   -200  -200   -200
0   0  0   -0.693147
-200   -200  -200   -0.693147
0   0  0   0
-200   -200  -200   -200
0   0  0   -0.693147
-200   -200  -200   -0.693147
0   0  0   0
-200   -200  -200   -200
0   0  0   -0.693147
-200   -200  -200   -0.693147
0   0  0   0
-200   -200  -200   -200
0   0  0   -0.693147
-200   -200  -200   -0.693147
0   0  0   0
-200   -200  -200   -200
0   0  0   -0.693147
-200   -200  -200   -0.693147
0   0  0   0
-200   -200  -200   -200
0   0  0   -0.693147
-200   -200  -200   -0.693147
0   0  0   0
-200   -200  -200   -200
0   0  0   -0.693147
-200   -200  -200   -0.693147
0   0  0   0
-200   -200  -200   -200
0   0  0   -0.693147
-200   -200  -200   -0.693147
0   0  0   0
-200   -200  -200   -200
0   0  0   -0.693147
-200   -200  -200   -0.693147
0   0  0   0
-200   -200  -200   -200
0   0  0   -0.693147
-200   -200  -200   -0.693147
0   0  0   0
-200   -200  -200   -200
-0.693147   0  0   -0.693147
-0.693147   -200  -200   -0.693147
-0.693147   0  0   0
-0.693147   -200  -200   -200
